0 0 0
-5 10 -15 5 10 -15
-5 10 15 5 10 15
-5 -10 15 5 -10 15
-5 -10 -15 5 -10 -15
5 -10 -15 5 10 -15
-5 -10 -15 -5 10 -15
-5 -10 15 -5 10 15
5 -10 15 5 10 15
5 10 -15 5 10 15
-5 10 -15 -5 10 15
-5 -10 -15 -5 -10 15
5 -10 -15 5 -10 15

0 5 29
-5 10 -15 5 10 -15
-5 10 15 5 10 15
-5 -10 15 5 -10 15
-5 -10 -15 5 -10 -15
5 -10 -15 5 10 -15
-5 -10 -15 -5 10 -15
-5 -10 15 -5 10 15
5 -10 15 5 10 15
5 10 -15 5 10 15
-5 10 -15 -5 10 15
-5 -10 -15 -5 -10 15
5 -10 -15 5 -10 15

10 5 29
-15 10 -5 15 10 -5
-15 10 5 15 10 15
-15 -10 5 15 -10 5
-15 -10 -5 15 -10 -5
15 -10 -5 15 10 -5
-15 -10 -15 -5 10 -5
-15 -10 15 -5 10 5
15 -10 5 15 10 5
15 10 -5 15 10 5
-15 10 -5 -15 10 5
-15 -10 -5 -15 -10 5
15 -10 -5 15 -10 5

5 5 58
-5 10 -15 5 10 -15
-5 10 15 5 10 15
-5 -10 15 5 -10 15
-5 -10 -15 5 -10 -15
5 -10 -15 5 10 -15
-5 -10 -15 -5 10 -15
-5 -10 15 -5 10 15
5 -10 15 5 10 15
5 10 -15 5 10 15
-5 10 -15 -5 10 15
-5 -10 -15 -5 -10 15
5 -10 -15 5 -10 15